image_width: 640
image_height: 480
camera_name: kinect
camera_matrix:
   rows: 3
   cols: 3
   data: [ 526.37013657, 0.00000000, 313.68782938, 0.00000000, 526.37013657, 259.01834898, 0.00000000, 0.00000000, 1.00000000 ]
distortion_coefficients:
   rows: 1
   cols: 5
   data: [ 0.18126525, -0.39866885, 0.00000000, 0.00000000, 0.00000000 ]
rectification_matrix:
   rows: 3
   cols: 3
   data: [ 1., 0., 0., 0., 1., 0., 0., 0., 1. ]
projection_matrix:
   rows: 3
   cols: 4
   data: [ 526.37013657, 0.00000000, 313.68782938, 0., 0.00000000, 526.37013657, 259.01834898, 0., 0.00000000, 0.00000000, 1.00000000, 0. ]
