image_width: 640
image_height: 480
camera_name: camera
camera_matrix:
  rows: 3
  cols: 3
  data: [520.962, 0, 310.143, 0, 520.039, 240.679, 0, 0, 1]
distortion_coefficients:
  rows: 1
  cols: 5
  data: [0, 0, 0, 0, 0]
rectification_matrix:
  rows: 3
  cols: 3
  data: [1, 0, 0, 0, 1, 0, 0, 0, 1]
projection_matrix:
  rows: 3
  cols: 4
  data: [520.962, 0, 310.143, 0, 0, 520.039, 240.679, 0, 0, 0, 1, 0]
