image_width: 640
image_height: 480
camera_name: camera
camera_matrix:
   rows: 3
   cols: 3
   data: [ 586.045814, 0., 314.444509, 0., 586.045814, 242.905263, 0., 0., 1. ]
distortion_coefficients:
   rows: 1
   cols: 5
   data: [ 0., 0., 0., 0., 0. ]
rectification_matrix:
   rows: 3
   cols: 3
   data: [ 1., 0., 0., 0., 1., 0., 0., 0., 1. ]
projection_matrix:
   rows: 3
   cols: 4
   data: [ 586.045814, 0., 314.444509, 0., 0., 586.045814, 242.905263, 0., 0., 0., 1., 0. ]
