shift_offset: 1088.6594
projector_depth_baseline: 0.07219
depth_rgb_rotation: [ 0.999983, -0.002907, 0.005099, 0.002814, 0.999831, 0.018190, -0.005151, -0.018175, 0.999822 ]
depth_rgb_translation: [ -0.026428, 0.010690, -0.021136 ]
